color,coord0,coord1
0,6.750976206341774,89.72555475371547
2,52.600886124362326,9.905623700082057
1,69.84167095916001,88.46765430014048
0,79.67028727640685,9.958354980085582
0,14.951748642674033,29.677603767366236
2,4.138644500742961,88.99968264953945
2,5.139115874153488,87.0813404789358
0,67.73240924441698,49.440629903723334
2,57.859108465935584,47.45947881255659
0,37.30659228693214,23.35860168730489
1,40.727042590922466,94.02060682849238
0,30.389667343576043,29.40160366831973
2,93.86220278852282,46.95063337615094
0,73.88290797428142,47.60904325855058
2,36.21067523291892,62.5148514304544
1,69.98455485836783,30.192494487077926
0,99.59597215844033,41.041189005858456
1,19.914169716380936,64.53142824427172
2,7.406325375986922,70.20618006281488
2,16.41729076310937,41.69667915034695
0,37.0593901970497,18.049824856326435
1,19.538836133698112,85.0321873576769
1,14.872372848136695,17.08222016650003
1,14.616648427425593,3.8762285317008094
0,88.21197001859844,95.67999097575306
2,28.822770229784112,69.01008050364582
1,94.86410008849025,24.58346720085256
1,65.00436330833016,55.16467940046989
2,96.73003709867795,55.61167559144131
1,37.45818307014036,74.57482786242528
0,99.10291451929069,98.03603498643179
0,75.9696670375634,11.131151460532196
0,99.79754320088246,74.96528683967415
0,37.05811956717701,46.54714944021079
1,1.6693863995017377,82.63062151245336
1,79.50562786069688,52.257224202034436
2,84.22215666328992,19.428231010815367
0,7.481082916074955,65.74335694592337
2,71.01812669286787,87.7216638273287
2,52.54835243947409,91.31260098043157
1,82.56451590962416,8.918696521921222
0,21.16795772731833,14.59123467203689
0,81.11734465043273,19.917553780726315
1,52.84072556229514,76.49201988516573
0,51.45551004416975,11.837471831833135
2,74.88567949334625,83.95171425920248
1,3.2804344654247863,77.9910252883526
2,57.10496319819399,74.35140953712751
1,76.69664380695082,38.64139251767889
1,80.73884885698781,6.060171236484746
0,69.47757229626473,58.96879911551726
0,78.51862813263473,48.40326751794321
0,10.175319648947523,13.74775827407505
0,39.7398454351104,43.78742659278765
0,71.26693951158549,16.392922029988
1,91.88380409815589,1.926043421802448
1,15.710800675387148,2.8488810985070945
0,65.42661834339114,74.56236630788193
0,15.3834346682856,95.03098546618413
2,55.67402889439912,49.989139344288915
2,40.760223998692155,75.56147415769804
2,83.42880462753706,34.639341939301126
2,57.39910932814336,59.40455286158537
0,67.2023830632253,77.28648372063192
2,70.80176644079273,95.36565151539808
0,28.2652072731847,68.27546981471582
0,19.844983666944504,70.5030227331742
1,46.82965291397279,86.25592165537084
1,36.98610952975015,58.466464813754826
0,17.546608810025788,84.7248626725894
1,20.374197381356176,81.7634916687796
0,27.848629408110238,96.16167081897198
2,59.36561829518945,40.31278815934589
0,50.75529596502592,14.798561305467173
0,31.675198741650224,41.919246720413405
0,0.9076068311598462,19.966126905598035
0,91.10928286598957,88.12662660264078
1,82.26380460929153,84.30875574046976
1,4.1550438890919805,27.666327706772275
0,58.23354437025701,58.730151959249966
0,16.372948689507403,63.41659202444077
1,70.14698259705781,3.4909878600753563
2,60.030369018191635,20.308131330469248
0,61.587686146131595,27.208547750844946
1,68.72628130595443,91.98843088545
0,36.84449376173392,96.52473638963733
1,97.50975651993106,17.800728044600344
0,69.00136258014034,49.26740330677656
2,82.29300740789338,42.59369731446313
2,54.03023580962781,11.766008366445647
2,94.74263880021871,24.40451054449553
1,28.9281378502805,21.13767566946142
2,41.34145062952458,93.27503454358236
2,43.35171080789733,59.80897559378956
0,81.8984708384271,86.99577740642255
0,45.68781483394832,79.5524867794672
1,95.88637298251214,19.626081528490047
2,50.20686023118483,96.39782321990181
1,77.45222901821352,69.01535573632995
2,56.96705670694541,38.199770701791756
1,50.075786913393415,15.74964463547378
0,52.54886820925244,14.584625695895959
0,96.3894162862268,13.279773293803753
2,13.241059287089485,59.35408415619812
1,65.22698095327574,15.612239759922852
2,7.358433494704119,48.294646595527
1,51.468230744476685,81.10277175817416
1,20.07147334073395,16.362052434790364
1,3.9377366876657827,95.71815027637378
2,67.2982591446509,36.673156536426575
2,85.25946424384682,18.97768269784761
1,23.624893836163487,37.03180648021838
0,48.46999164600313,75.24139143571857
2,50.95244841203272,36.79241091381922
1,75.50215811897696,71.69718770100292
1,82.55809548952388,91.64186389373235
1,66.83046248846931,72.66166837688118
1,82.79427239672222,25.099056802940257
1,7.084961488006936,95.40352925090701
2,12.289736741233426,1.8380623641397031
2,49.1806401352972,10.398856185571681
2,41.989435256416975,15.605008080270311
2,22.646264222048263,67.41158068947173
0,28.311271104880063,2.5682907297572277
0,16.105644367404924,74.17815143155167
2,66.981430008849,96.43933806732946
1,16.30222658863033,28.0953582051528
1,1.6331224505950925,32.62773115216502
0,87.64435124214387,41.82163861285121
2,86.58673172640705,93.80474596535021
2,56.41013260690201,28.27609419129726
0,90.51422643496156,57.05613525807156
2,28.213683485066465,25.88493408888899
2,40.88596012939981,71.0037216584212
0,77.2367073226029,35.247251003746136
1,44.27165504297355,7.979440157412531
0,30.01804226096827,2.070414588135583
1,6.663694756575056,85.09916174036198
1,5.053933717531878,14.197513607716983
2,64.31382843531402,95.36038941754316
1,65.26971162512352,27.215548519101663
2,11.811527520996679,24.366558695634488
0,13.009817360068887,75.34381212354
1,55.10790686071552,84.020350734055
1,26.990194197578266,49.889215486453985
1,88.61862701230977,61.74102849595455
1,20.63798640697093,71.48065643595713
0,61.313941215790976,88.24697990222586
2,21.539469642536435,57.94421564056006
0,72.71112739554471,40.11656505629586
0,11.441098307703024,13.839744196521476
0,11.351713480818383,0.15384319437865557
2,37.456544363197544,10.045051521925908
0,59.515520284755354,37.37684193010615
1,23.42432670398885,0.37332655800622616
2,36.06074423473666,15.1576780404185
1,91.47510548871557,68.93600139330128
0,41.19438317738312,48.75493678095457
1,15.973414433468157,34.95393834219489
1,1.1455146877015543,38.28691339253879
1,43.03407788568432,50.74690853500873
1,2.189556374824153,50.8686714273446
0,31.816978153196963,72.37446399947044
2,38.737470908661344,71.19702069449765
2,3.5382977154885475,34.57826385965442
2,44.07161648349628,24.05218294156385
2,97.26669721223193,61.07090965401546
1,48.49782016214483,18.941640517495884
1,6.243711867338919,79.72339142559677
0,48.49595688873446,38.411614706618266
0,20.033551305427956,36.6692805182083
1,30.822614237126167,97.61255350571737
1,74.45208754189152,83.05151349269502
0,26.91080208440624,70.87737744990008
1,38.30786147078711,45.57433297985796
1,97.63875928428834,88.43217527243691
2,10.844804565079402,92.91304680585326
1,45.83368524861601,76.68557390089116
2,96.55332659822201,56.61345856213341
0,85.28188101632365,34.62111001879564
1,48.03937433744249,21.76449904732638
0,51.698002450698574,77.75533712473431
1,99.84915542551481,78.66572121449622
2,19.26887006376129,26.300179143701808
2,92.66810455195412,41.61962977254966
1,59.39307080591239,97.17251008714953
2,30.219450026491245,91.88822774703455
2,19.752995047389,48.176690634779376
1,29.304066528167905,85.42306589094464
0,53.25251413918395,91.59393479663754
2,44.9238286215642,99.70889609717418
2,62.30441103534149,74.27906529707822
0,30.150416027478066,80.72643103701726
1,61.831678328756276,37.73460374223665
2,11.614675393041363,78.48637877922256
2,32.81438129595979,7.383966654634255
1,34.34148991897229,32.11373106800676
0,66.24161140457926,82.34300582474681
2,53.814972987606644,15.386081766746894
0,30.61268366077329,25.966134244761964
2,18.855719072265366,48.3446000555671
0,78.24304127198648,60.462435626894205
0,99.49666406326428,72.17279270323735
2,72.97029816672377,22.1348009243728
0,90.06483991432945,70.55836808075806
0,76.31398388228715,1.5867662576301567
0,19.489904507995192,63.54245492332542
1,58.513553507368954,64.0915804762258
1,68.41818906449785,92.18837045704431
2,10.283142042116822,37.58864565365485
2,43.75358083864591,42.69765929825975
2,78.935134029143,50.096994660614314
0,67.27485751849633,87.38130134796596
0,3.383645466503349,97.60764302439712
0,16.14072064595309,19.37703452331614
0,88.64547872434468,46.55137838928787
0,71.24002402410726,32.52498685947571
1,4.739203609415011,7.4367354089028055
0,72.31285946313112,4.510720287305869
0,4.274132380075346,57.429246631199774
2,57.035926933713135,19.23819666888569
1,76.82069723820729,21.504041759667704
2,44.28473200800149,18.921569848841578
1,90.93769319952841,75.77694390734104
1,96.10364566525217,28.370893486329695
0,65.4969340057792,21.004685776980015
0,98.33609653331771,79.33306300191659
1,54.283506164113106,89.70055994025665
0,95.28946202980512,82.42393403148877
1,56.473872452748154,19.575981396947896
2,14.188531710345165,32.542042924537704
1,2.1220507852018344,53.60629695719562
0,62.17205174225738,74.11404675027738
1,76.07254553146176,91.17390375647832
2,26.785283009007177,98.23339211538246
2,27.023987064256783,10.005595456986304
2,28.60795067103372,59.24178633927152
0,66.47678566726823,57.75735549461538
1,22.571599744357318,95.83599189561708
2,21.756869259022558,9.212670955670376
0,82.3525124469365,74.83012982231018
2,8.265702320335977,72.69034582092182
1,63.1750607945185,65.39560422275336
2,79.04149216426674,76.40559191157324
2,71.02233245350999,10.767934990525596
1,83.62998663592293,4.362908655994191
0,93.17863795083305,75.58425842096639
2,35.46438262670558,39.08340273060249
2,97.27619621028346,37.77944730161208
2,30.937196726702908,26.14714954954971
2,62.83139785350009,5.119344231099642
1,51.42949087491206,89.28892345438261
2,42.487215966483035,54.056993463515276
0,57.33540241601135,84.62730723301854
1,84.03779097307743,34.10992253000307
2,93.65504788341518,87.94904939310541
1,37.0429303774233,25.05497694122141
1,71.99202115029587,71.65582031559585
1,72.92080828174178,98.53709231255745
0,87.49292501195657,60.86835729532494
0,59.30752948481582,44.0806442714045
0,75.61742362811631,72.042708377541
0,67.7050431044138,13.087129451063252
1,36.433080356185286,29.55108477415469
2,29.388723123837103,92.9474861152195
2,79.45512605884458,57.66786854704726
1,97.63077726431595,0.42372340055900626
1,77.68141822711078,93.60753159622242
0,48.54774357166763,67.27093594596573
0,44.755433755567175,19.058366153829766
1,1.7395212820541128,91.27622382842621
0,93.00529842808015,85.15402167839613
0,89.47541236259637,55.81156570643733
0,20.884789200528132,99.47349373465488
2,6.940355483777704,38.16466798307351
0,70.98833263151077,61.0083168774821
1,82.17874205882197,12.1445226858223
0,48.72231273486813,58.95959978815346
0,48.50240933703147,76.13082149955333
1,7.152033201614405,15.508263110480048
1,5.229284682311186,92.54719356743124
2,16.20328018150974,64.24205123772462
1,64.30138667741976,52.29106130264719
0,54.670074041772644,69.00348555242434
0,42.68986839396325,13.680156777016927
0,28.15549184586207,70.54187718107838
2,71.52046395493639,3.989866323731206
0,4.406988500180164,32.02855991886909
0,80.79999147439028,98.22167667277859
2,17.020821424410226,51.57428884031579
0,76.31989760362659,33.66682997649022
0,33.33981947550989,83.03991582080154
2,38.55921526115411,35.17387866710487
1,95.88875617649735,29.643368081641896
1,4.888123215071339,65.78007478269899
1,72.87565110462407,5.733311229846638
0,97.35215249760046,92.35813747263057
2,94.56801933018562,68.43281709440612
1,40.575856516215566,59.992387026849755
2,87.25779254345858,50.62838090962297
1,42.90467373943555,30.261870587165507
1,44.137041423672365,67.12027811001762
0,69.49628908106837,80.23541339021685
1,14.607115473585175,9.908169886220053
0,25.485623185741368,49.813501893291246
0,87.8251046807203,77.79662579635094
1,28.181644570492903,37.3929195063694
0,98.97534071256327,44.39957104743767
0,86.44917049036329,83.80851222734638
1,47.50969347328121,60.10629293877248
0,34.11920861224864,21.83163073705702
0,33.6039102914674,35.7656259266682
2,86.43699962922943,55.09143380702736
1,19.88979448149738,13.502635065892022
1,97.12449065822358,60.38892509677177
2,14.39622468146825,2.5171722283380937
2,24.22167245188014,26.187866126583014
0,81.64222473458346,2.803133314665618
2,7.627336941871654,81.37922199314366
2,27.448605574115604,5.096410651040917
2,23.28743108745508,72.1331785166608
1,26.32059831906506,12.845491019722699
1,58.19351071741596,98.79469872037035
2,30.717145916153843,11.263304302099552
0,88.76658292794231,83.25027313299624
1,33.10178126835028,1.6826514952488103
0,77.78713177177752,74.55967827925114
2,85.67559252024833,59.8368134436431
2,72.78078766709595,96.16105610696937
0,73.19856118466394,52.165710613093644
0,98.49421596172327,23.899454006260434
0,87.42584690363483,95.33061031769722
2,81.38460383873307,9.85880250249176
1,66.88526243346406,30.92998088411758
2,21.70409387680008,69.90439529873385
0,3.2956308534762946,57.01119022608291
0,50.877442468837906,66.52073004941117
2,53.329808547092696,7.752142384568172
2,48.05302222208577,77.92376967737337
2,88.9310927888451,10.251761622742084
2,71.00374869045997,24.36323537198404
1,75.77022403347618,28.461899504605526
2,27.4505455758556,28.446541499435497
2,45.33089204599713,10.441213776374457
0,73.86878501602543,99.09635605804917
1,77.65134167962957,90.51015244173246
0,34.20585641233072,69.87945607418808
1,67.54959886374449,29.832784813244395
0,1.3868236209189089,51.23188323219428
1,71.34758785561928,24.715742725828203
0,27.609457555995377,82.036444277945
0,1.2503921822634823,74.12577872930363
0,95.72385536581818,44.515188738787295
0,42.037881923836494,54.183349574631556
0,6.021600985863829,62.04112813844862
2,12.772040276960839,56.81385213858877
2,10.825842836224853,96.59324850831291
1,7.862612494065713,12.305649351995228
1,3.044967360803763,22.577985862061713
0,57.26643021876928,13.566292307303174
0,63.72005301441172,79.09784012347812
1,24.576612972096424,87.60498111974898
0,9.0718906968546,6.633653819928842
1,29.402801956687586,50.30539822034608
2,63.512953583427446,94.82230176182847
1,61.134397259507786,1.8831319546420255
2,35.881733729665434,31.08415199786605
0,64.73030309493491,90.49178730517545
2,12.735964929062128,88.8995354919651
1,72.83556808107576,72.36704039011002
1,2.9874008790075846,95.66591301038827
2,67.68097651462082,64.87809628268236
2,46.56108379772169,64.9045739934809
2,32.667027661889115,92.31320223410727
1,27.853042999992127,69.03316477384682
1,59.01534893641299,65.44829655894266
1,2.3810727603353454,35.51971401098641
2,36.832328019938366,3.3384554343251605
0,36.152610978544345,18.648272521515395
2,17.386290289405814,68.62425610080295
1,43.945598722461,61.567786141701845
2,85.30264825540496,36.99042429233729
1,57.59634107536219,6.45560986016892
0,20.297431967622625,66.1933375821908
1,16.687908163018015,20.33892790948859
1,93.72914865409994,60.465526931781085
1,94.35704249395134,65.37247964168137
0,71.74905443398882,88.55234100476369
2,19.637160943804677,82.3585415711913
1,7.248411098384477,63.29939977857504
2,16.236192853673458,35.264059964420625
2,61.53642588449514,34.84574986455349
1,97.10614356893,39.46372438893096
1,81.30824588689873,71.41137406943724
1,98.98078698818321,12.838180851203607
1,95.54353344020464,15.674628011558944
1,61.26453944834699,26.168967934451317
1,16.098809970379826,13.473793908732667
1,74.00281019505584,67.75806615360071
1,85.60892619895297,33.83880434733732
1,83.27012779528773,81.05019171290036
0,32.202290587899185,79.52031580202605
0,6.45400583904947,57.48759614512322
1,34.31928852240078,12.144437827587918
0,95.99458229327065,51.64256925202208
2,61.699122454052876,80.1360495956367
1,81.87892911117147,3.034954445494653
2,33.9454619110067,97.62008531706668
1,44.43680050776108,86.63886303453783
0,37.87068490640411,89.5845885440734
1,83.90199174586971,54.6569279744597
1,35.36357985128491,64.41649599484967
0,17.001561739096015,58.66558644980914
0,3.956902784151395,94.07711198271669
1,32.35457704429011,69.34659799351424
1,24.630467479975948,39.54215851213293
1,56.52689085612186,1.3076251190621502
0,33.89192305261073,89.74085658095079
2,66.57775189014775,94.054696572737
0,19.06164898688677,75.46242028139872
2,41.34503875438617,48.681947425061054
0,80.17779252053326,84.41963023280347
1,98.63649909443912,67.81751542319758
2,46.576301450602934,72.21101694828023
1,97.08027671328837,30.455129472477616
2,77.36470931663135,36.96502729961488
1,21.202787409212696,47.87708016965959
2,8.904985992517112,0.4071402518721512
2,91.94044112164775,98.67058293703468
1,16.29147306550073,2.6595876328153634
2,20.93559429338687,51.08940840984989
2,4.5561608489189,18.346897880226354
1,58.359720324748146,52.30366991889542
0,7.745286923282113,44.377767092180335
2,86.12192505130525,97.24143992078652
2,26.189259419246348,31.167157389239076
0,97.28609952919882,2.9411985933554097
0,3.9468708920296747,37.290544902816904
1,75.8981394254831,37.20600137412633
2,62.80246561365759,68.69459123849258
1,86.77608354848628,26.519767236968438
1,2.387449977422662,65.79160359985833
2,32.02119195631582,90.97874390030051
0,69.34056195746402,15.013422327761472
1,72.33921768697643,39.73677568161439
0,88.62180548637217,99.56800295060293
1,99.09854114777677,21.141457051573987
1,31.049172245942135,42.34039684831641
2,46.06843488228273,67.42217159601319
0,73.45790985114665,9.71724774186108
0,25.338246979245703,36.33068892927033
0,81.21415762063235,52.48865389203783
2,26.64594906761124,0.21356780914203455
1,46.576255067494735,19.544223735394716
0,61.03326607170017,11.188000471258508
0,38.26505723588019,36.082881037973216
1,83.38943340124577,83.47369362020217
0,94.6070118509558,32.93850991369196
0,87.2917211853233,28.48350857847599
2,90.08285966290896,96.68548415077278
0,58.3019676828006,71.43219968503323
1,81.03713891583035,64.58736843934719
2,23.53933794886561,15.051351607962548
2,77.93928171272294,95.3119027007891
0,47.19849726567027,84.47060861608972
2,86.50299645201301,61.86801781807352
1,46.958580916222004,9.12638368860078
0,45.55100016252624,71.94278733335945
0,50.19688445192121,90.07083934988626
1,24.438193903798034,40.914720997442366
2,61.85407939291723,10.822072500278479
0,86.58635252633471,52.34771563528234
2,80.4759926387468,53.376045279635974
2,81.2525030290561,10.59424051722182
1,89.21687297327928,29.478041747663887
2,7.693799358034337,82.86204123778032
2,85.70528168428575,93.96445147612324
2,45.1994028288753,98.20317514551624
1,0.624881340642891,86.0026745495699
2,0.07828433642284027,74.21853127393251
2,20.05844270474013,26.74434149248587
1,29.831857577453246,0.09525889179701208
0,79.34428839724497,65.06866219816278
0,47.289705815760776,38.74609967396033
0,3.992224934637645,25.83811957048676
1,20.18083178009543,1.2401789815153164
1,30.569157621167275,28.09529968081246
2,76.57305041796934,26.336830875076423
2,49.49659773952207,10.248405882354582
1,66.64503369099968,21.12225393931091
2,9.192991012268603,88.10981650625781
2,24.465222306626742,80.46333079844491
1,57.98735782208354,88.78195720731237
0,38.13487111802537,68.54296807194261
0,49.112461455191394,8.530130422869487
2,40.78936472139687,31.927331022543694
0,2.9152149948372785,10.762411024353602
2,76.42272834418814,13.700325305827254
0,20.42964023554157,41.01382078376157
2,83.43703683662002,11.720456800713553
2,22.959232203764657,62.021756121244785
0,39.98145025830625,8.195488298740273
2,64.73989841817142,27.168681223407376
1,97.21872574582757,80.6828440911624
0,86.3280571831916,9.38643374662529
2,42.802898048642,99.85634546683512
0,59.01543207158768,17.028141972966804
0,81.54816240575614,10.831576132533293
0,7.5154087680413095,97.15345731308304
2,32.855815901495234,20.845607332221594
2,67.11687822381067,90.07255118876215
2,50.454669248398076,93.04785524240195
2,38.88609351988642,89.76153230337664
0,39.03863403303149,44.39276437887884
1,55.810649674770204,62.52604258638319
0,62.686876334064664,69.01916830594573
0,88.11047929390979,9.504308663515616
0,1.3406124024626265,52.81219614799545
0,68.87482965553097,64.00466026550605
0,11.686284633794031,13.59058458129969
2,75.77545247479412,54.228200823702345
0,48.13476240959482,68.43302934646077
1,25.477573492720463,31.426616767911142
1,64.56677259853679,83.79619092883111
1,5.632200779630558,75.78547089265669
2,91.27126790646456,9.009780762205622
2,29.671012743433256,55.09474971779571
0,78.93501006599514,52.88860381221328
2,63.31872227003819,32.66119827127331
0,40.25705416487363,74.09853530771768
2,56.95444928187199,64.71648571636072
2,34.33116045371586,43.22666335759159
0,29.25548289924165,0.261055011450384
1,9.424570995296222,26.96410006186761
1,46.60466107009454,57.10144098554192
1,39.35524329619502,90.85821039780022
2,30.74620449810077,28.59891612703349
1,48.04174597043268,35.16190726897677
1,24.913401107250277,19.89021453754406
0,75.79910408493984,58.13263460770758
2,52.615896037059514,23.815281019888634
0,90.28854672778779,59.31951917968941
0,64.25531739757777,39.75709892677847
0,28.989377167939956,63.903636520257166
2,77.77839522452783,24.38362653336665
1,48.4146143936374,83.71512626624482
2,66.43745757371991,49.06501850096878
1,29.326900370887742,71.65170753503763
0,70.1742076318878,79.16128750148442
1,36.28603895745528,62.953908435325154
2,49.79300999869063,27.32997185474475
0,16.85592721823198,30.003109442951438
0,92.73269255031569,33.68459045119758
2,19.804088323587866,29.135068730973313
0,71.69839010144176,79.72649983769911
1,67.55161700810012,61.82884695898543
0,17.681532834799143,1.0461645544400988
0,19.727792308930802,80.9417993096785
1,24.235759092116904,32.91685683087249
1,44.53223117472148,44.70368895946903
0,53.76775126083487,94.56830868179792
1,68.47948274040976,23.500733864433442
2,10.627257616997266,76.2845353871025
1,40.56812499172396,53.9205326690928
1,85.20810128418603,46.413672655937724
2,0.5972801691593532,21.92900746846339
2,27.44165551158354,46.64164316567193
0,23.946163152221402,58.709899318226086
1,64.36065711378998,62.95357830976781
2,6.197571028452209,24.97629210474892
2,17.32074942821109,58.29285898842396
2,79.68231571889334,2.2811894518973808
0,55.75333110423231,74.11840111127239
2,90.80802971859781,13.236812209519144
0,49.815252792191224,93.85971081672231
1,24.83260889814912,78.36199027774744
2,29.733798207102712,25.154485163529927
1,13.207257936546357,57.82128561011549
0,39.32880063411412,70.39960116002494
1,33.45254981731186,20.58610008313727
1,62.25560295930141,35.771391780875724
2,59.65400024847288,10.11146574871632
0,82.81254226899706,77.55975081282745
0,98.51639167097197,66.77044108923637
2,12.803593120415801,70.55565646781325
2,46.76674608663045,57.287697947002336
0,19.01731637464652,99.81465051894878
0,86.61234861059233,75.77912062485582
2,64.2287371767776,58.98540724737364
2,32.0183016645302,97.66828987843368
1,59.37460794486044,87.29231959342971
1,8.159236637895106,84.87454158875641
1,80.17797196009835,93.68714155797005
0,34.38536355679934,72.46251454700561
0,38.15971865186133,54.19103334950908
1,49.06113880111075,97.3972562522491
1,36.96188516134769,86.50003627472384
1,57.62509560866391,94.98385851307938
1,82.72267798523721,39.74008630540976
0,68.80255743745529,83.99919141171112
2,29.521923996377353,67.23466291146376
0,42.744781375373165,62.18969545557962
1,95.23113208916205,50.41263318126422
1,41.883808905477174,52.52273168997458
1,81.03002204394507,75.58190231953897
1,82.78501560249546,2.7804842505322114
2,8.098382644986424,24.853467940147556
2,75.67736888126522,28.02552689247112
1,70.59684472005708,99.06712269672452
2,35.503518412928884,14.80173712459505
1,54.115601983013875,59.28469084774493
0,91.69798856961417,35.5636089948708
2,84.54066962550787,46.200886776817086
2,63.39171451137573,99.37354063800991
0,28.32903333490162,16.496099605991176
0,63.492559272936745,27.99225210465812
2,55.711788092345586,26.35897228212123
1,11.109227400505839,90.89804186893214
0,94.59602774610062,90.18335106883882
0,2.926876005821022,75.84307405451098
1,8.521271522674434,93.97363164261276
1,84.67211106402722,80.84773385427839
0,3.894040916333008,28.941109834020928
1,40.9509932502457,35.78544396063455
2,68.84534642776451,13.894233986566707
0,60.30799524798134,59.420668754888936
2,89.92526423981045,93.007669176138
0,38.28212273728674,52.82237255064358
0,14.462643183294643,3.5361689836523325
1,25.45098315595389,81.98083091626285
1,95.3668593931134,95.92830550989494
2,91.22302577479118,64.52606245092603
2,90.16445844609284,20.356329619669864
1,58.24251610083212,51.522993753460696
0,4.26516187801923,38.84229223330321
2,97.29082898661765,20.13047846300342
1,31.897191474670052,54.09201824061903
0,11.114099776707032,30.623311992619882
0,31.53328563794956,16.606788276330242
0,31.06733003851454,9.413644733593262
1,60.71830725992315,93.72762717792075
2,95.69006521225646,93.39934422354752
1,42.47869332786437,98.72896939348324
0,82.12756290273822,4.595546193467747
0,71.57609871632668,58.69964756511153
0,15.926578574747774,5.389761139736404
0,4.03540273614722,92.6949420600201
1,69.09706135060756,18.56569655005008
2,6.601672130261138,63.26386898542419
1,4.716287643880401,61.504464306345355
0,69.61445161003917,88.60546058840791
0,65.09234349210317,37.249259846161806
1,38.799279014106204,69.60021272365815
2,22.385297730297758,9.322004097224013
2,68.75954521120715,4.734053286998108
1,33.717963632618975,83.96458672893854
2,51.560321462673464,66.65187871310184
0,8.92029397511881,32.9875402300917
2,21.371871484550596,26.646321372706126
0,26.35306371978652,55.857197032079334
1,0.4722100583239297,3.4585968541124945
2,36.657283795876964,4.657431971858628
1,88.47048222005272,11.294294053403032
0,58.51570546135322,68.76064082149239
2,60.47746744582037,17.39133724146932
2,51.890647384040776,38.19817575514358
0,67.89394969774412,92.48046384399456
1,16.03534345693598,2.9438093348445604
2,23.973239846330728,34.93923592387579
1,20.964020518265748,41.05720975009457
2,8.371936439026406,6.418080674407268
2,27.784156214617617,73.71691901820819
1,27.01749396590457,15.850552110638926
1,93.37207110527619,2.313386262535222
1,12.982215187747059,15.911100132321089
2,25.033125446115644,54.43841326253236
1,44.22021491363887,25.743890083220556
0,55.18207461265226,17.599377575080645
0,49.87743104750735,1.069517185322233
1,67.65235610108033,19.220833442146777
2,28.009097856040988,30.689189334516588
2,62.24901653398188,1.2240843376413846
1,77.24371579202224,88.59733794917643
2,89.247264465157,51.13046277923547
1,49.47574169310326,99.87991015836374
1,88.54325752124164,54.100016821213316
2,9.241503946488683,54.04478942892994
2,80.20816638217384,58.18085623003012
1,17.382954507138205,14.442982604574606
1,3.9511376671252263,7.336847634241906
2,5.408693083246252,75.81160107140049
2,41.00364967644515,77.47165077045123
2,80.25745000951929,26.39041164353655
2,24.288373178445866,68.86230831306052
1,58.774274884326374,98.54187343099167
0,67.45184965018146,85.65697940117438
2,82.09497646560237,87.87518832121806
1,4.4971142359765075,27.379784618737666
2,79.95710235668747,93.81017755574088
2,47.29591778173795,79.80308644454892
0,11.108764558939221,69.74140039999313
1,38.65670865769224,78.92627914706037
2,99.63917740789137,28.153123916885527
2,91.28437603164396,47.56854910974392
1,93.73033871756492,55.76172891086726
0,76.14996193805453,32.48235425523423
2,65.32471301191538,64.2198009627282
2,24.94787094197687,92.54415372940905
1,37.88405579023362,57.91861582982466
2,27.901553531803824,79.9271210066903
0,76.55377518636737,40.17648279896056
2,9.445175101914726,46.78026641241226
1,4.600228426465902,59.02047133794082
1,91.29098317373263,34.61923485115681
2,88.69942197517827,17.362479855868372
1,67.15393150017871,63.139434226536764
1,67.16442770565772,23.406731849280703
0,98.73278591922153,57.28157063688533
0,58.616396179584044,62.92413813735308
0,98.58061682322487,21.676914182337836
1,11.261074252684777,43.44941678504847
2,80.44917273915453,56.666294915878034
0,33.68813203500274,24.20214210354752
0,86.74649920514274,23.5997334773104
1,39.791537960341884,88.9980401243818
1,61.50329379833672,20.85161153676378
1,3.292374781269991,38.21694343369656
2,93.28941900799838,35.52220454826561
0,61.73944377060222,80.52158509506111
0,28.249080701422557,80.08908005824776
0,99.63914736432886,72.95539783687765
2,70.56333329880844,58.275996971700316
2,71.63579313739189,9.250893350112177
0,36.77419118545154,27.910260706291833
1,63.36951511792229,23.06196760673156
2,33.82248720181054,40.302427003410216
0,10.311145951163436,56.58091792598881
1,87.1707447929912,44.9263321767403
1,60.67111833397543,57.177718715978045
1,97.39603360392852,99.14458108453195
2,81.42412272579578,15.731201273160822
2,56.1836182505246,4.134536487704887
2,12.395520202036693,50.35768675479532
0,27.70438890359853,9.42604876476375
2,91.85631993855341,37.626817889439614
1,66.01840256009449,48.11683226116207
2,24.683242400560047,98.96657046907639
2,30.335489400935856,19.528163091679307
0,90.28039161680954,71.79531986943375
2,40.04966350736091,6.5547499169253065
2,17.413418899439193,90.39166125044099
2,13.216846501686419,15.005570986766969
1,79.10517501657903,30.00961152278485
2,28.31030234884895,98.31701263302102
0,88.33255659930873,73.61585688610955
0,28.91826230347072,94.75661406480583
0,87.50824546421644,10.76358761639683
2,27.838414462988624,54.13042313778325
2,25.82960888756538,78.48347568953517
1,28.03295365916364,67.18632826078407
0,80.31285121391207,48.617381269523804
1,14.13281226566393,80.12553053850328
0,65.60830532028564,31.85087227369103
2,55.4615418927051,29.15109814080973
1,4.509953960627722,14.731350926012265
2,6.156198090061215,14.699217972237854
0,80.31839826798847,40.60822474807013
0,39.815945759277085,4.097165290930604
1,1.493118632436452,87.91383584442792
2,38.73628986562263,96.03180107739074
0,62.103665941819266,24.87281871205952
2,92.44449001542402,94.8911055988084
1,32.07025352121244,2.5683710103733604
2,43.4905476562985,67.4046053942329
1,29.01452216312238,82.4226079471133
2,66.90594978256203,26.899317140215185
2,13.44841903063736,72.64701090686614
0,75.75056581220515,74.26912907250886
0,97.92167866478138,60.98194885932128
1,95.77041126769211,58.30362458947409
1,45.25972844256252,30.498613396345352
0,55.91675905579271,42.83017380232232
0,33.45659981731076,12.580406443618186
1,5.0468568138061665,72.51956556881018
0,33.86322035736152,85.9615093028236
2,24.54047963274769,32.2921453161935
2,59.39903316947435,23.06310695276428
0,75.70043516090522,67.29914621297512
0,86.75942255003724,9.490265779653528
0,71.06610460008682,77.60880126208738
0,76.91932516476093,49.13668168139215
1,73.12643539265893,60.21260050558773
0,80.97855888446301,2.966821526362473
2,34.012723523374014,73.83443021081342
2,82.06866116208738,75.2498428042039
2,35.78060278291759,13.737123172162025
0,14.600345907436408,2.201872818762707
1,63.526872525772745,10.242362655607229
0,55.29804949084157,89.14463625294229
1,95.56720071643537,35.48077402449095
2,93.72191118506309,70.73259857061574
2,92.72446365597122,65.43996393351335
0,56.44267106278844,46.6409234845128
0,70.40169355756092,22.45615993451261
0,76.556414899608,46.579774427521436
0,56.60717635362305,26.461372876434265
2,44.340695430990785,38.469892754064205
1,89.27642458112472,96.74764701433297
2,76.74436270233896,80.8213330674342
2,45.765443309398314,62.05595328783636
0,39.070039010556854,17.44615828642152
0,51.416522923259045,50.13285971650379
1,47.25925862305929,97.80719739412505
0,20.780341813653756,74.29847104058335
2,28.280206165165744,17.35510331491994
2,26.131445977116474,57.53986955414302
2,66.84430017650337,65.38264061927038
0,66.61599493829814,56.64446294637189
1,50.26438001473185,26.251693432318433
1,61.15973459124824,61.16367666111666
2,76.65216367361221,53.43691898664487
0,21.91210315318697,99.37650957388726
0,6.876970120240832,23.28475056213358
0,77.60904169010067,62.5952021340877
0,69.80215541897051,72.21834078034634
0,57.67022666141849,0.6376167459300364
0,90.96880617247498,53.04806027145218
0,44.29189968856358,36.81225204086982
1,25.692575813985197,27.06929712152656
2,1.9080604941379753,57.21788309283837
0,66.15064384993183,90.95283093091095
1,23.978976009981423,98.95758525059809
0,19.97416512513288,53.323954530785024
2,82.2266603891246,23.851743636383517
2,63.32189700181292,33.271701035706656
1,52.24470596983346,35.89527220490839
1,54.305290684470165,56.63525287837913
0,54.338706691134355,77.69388633746954
0,57.626461482611255,10.761275412719652
0,53.0749195776597,33.65124455170282
0,15.992063968311276,42.821141702763384
2,91.07787066076932,91.79791501202708
0,42.21919579551843,17.667355353113813
0,32.7777148217004,40.44943507559867
2,83.21743510852451,5.6131925675013346
0,64.96338267504116,93.03707645126823
2,52.852032445076844,50.263806088603616
1,72.2395442884595,5.108771181539673
2,99.47227373127828,81.87671702742865
1,69.0457455877205,83.0349966740453
1,96.00268040233439,40.68580898195323
1,35.09418197655895,16.838206217086793
0,63.67771453131061,37.63821668349816
0,85.7009413999776,67.72246974860724
1,52.07604826801012,5.614006229432733
0,31.767017823840472,94.37117276278101
2,92.31413606994272,84.39804833623604
2,48.65864838669096,30.262010960302664
0,70.88910188063574,99.71339546528554
1,12.322565029921684,44.28821506101781
2,56.21675343666632,74.0488302035401
1,88.99898364678454,5.639172658438052
1,52.96882572468129,83.92720342880835
2,93.79799385286921,71.73992171891857
2,76.87655809249635,83.02363341248446
1,68.07479385784544,84.5700940235403
1,58.13311823928318,0.6097697451001083
1,79.20265952984028,33.53949257542126
2,55.31338933818309,87.26470977745933
2,15.079645344439097,33.87642769311311
0,50.865077691273974,31.188435015242945
1,83.48063462102215,72.05430436892341
2,86.17861490148985,50.839071401451854
1,23.718328386769006,89.03617048594337
2,27.680786529192513,1.9316284432603248
2,94.68060796354966,16.68575088877684
1,49.78950026512623,29.500185894024654
0,89.17820363088462,40.14687445074331
1,64.91413536223276,92.34620352001416
1,82.37261572352487,61.09287748134681
1,1.8219191527944822,23.507772595138622
2,54.53637480999846,58.320600916821455
0,15.922606763560399,10.569531560691004
0,54.40463091771288,26.69707456938024
1,93.98226160139674,15.369328003882787
0,13.808891558388126,26.659146329946726
1,16.59149368747732,34.753473572632956
1,13.640422326981504,47.42665568776596
1,45.91778184801703,35.32947880802859
1,23.633774711978717,67.29815322316503
1,35.07006904607677,52.79445609316704
0,9.676616649787583,99.3469254797593
2,81.63572521175469,33.926581436750084
0,95.63228317939758,48.909587161713105
2,45.64012809911768,67.5752533099513
0,89.00329709054955,38.2266472016616
1,1.110779698150166,24.62124888146533
2,90.09030976773494,3.027360501160803
1,92.39892798572443,51.84415647587972
0,4.2292011421564135,42.038530870124504
1,26.162542232611084,95.93402997694503
2,89.01288083832563,92.27266194277502
0,57.10462563666021,11.916397489221985
1,71.43290109403641,17.578582843009695
0,65.05834771780378,62.94688093923585
2,53.69824762129534,98.48910835283236
1,81.96762294124392,25.746634756284713
0,98.84966629428209,1.2234540945407657
0,83.3175504144505,2.5591900596599437
1,60.544133273385356,56.85035736827172
1,5.310636977200145,49.74494215361369
2,34.546653640844184,76.2335939720531
1,57.96929008185157,98.06232106564549
1,10.00426431024054,97.79881024500402
1,20.199165283998155,35.0799252045593
1,25.360387981352506,0.5455547139779693
2,58.97019421904003,56.85201538164767
2,42.62360724398096,68.88720060154444
0,87.88832357881556,93.24653041845376
2,8.007865572036533,99.31719596663717
1,83.61280529266587,51.305304621360015
1,73.76189106209587,47.31971511497286
1,19.196723979225094,73.30647872121891
2,68.29031320630324,9.309743099306456
1,96.4620656490956,96.48426963271565
0,80.03596560763515,57.66844983651257
1,59.32926162374831,65.9191667700796
2,91.69533700571215,50.18023287917571
0,18.566809725598077,11.90917058048695
0,51.65791573658327,96.7301820421686
2,78.43440917157312,54.563970889346
1,85.61517074044372,98.75389725530833
1,1.4037383171232043,5.9639291634087765
2,91.7073461653837,71.37305733164935
0,32.206602848889474,77.7411141002281
1,5.305393261335755,64.39667363410169
1,68.33792512696321,78.27952544019213
1,73.06276845566495,56.325990232678045
2,30.379220545533457,13.329652719283658
1,81.44308586248896,41.4285891315603
1,0.14650078276571277,97.16656692898312
1,71.36345222211872,5.225895047151308
1,20.07416449552074,43.1264584753644
2,73.63076247361352,86.49393751847003
2,96.48243985569206,48.50494926217893
2,90.44672927319812,66.79771223416586
2,26.270941209846242,36.09507934897026
1,85.94050304152162,37.70933694267544
1,82.63967150620589,74.51287805376626
1,35.37274694678572,25.81570010149512
1,38.521801739810726,13.766713091732463
0,26.11146876093382,49.49415080340316
2,1.9699030271713713,92.6431229267613
2,78.75762136245245,37.399289588443686
1,40.583866258793556,88.85004794601394
2,24.92134204771459,14.175436761705118
1,4.6433835588253425,68.66298947066116
2,32.303940184633475,68.22432988340735
1,24.68321838036276,48.39318233870997
2,96.86815657438372,43.96244246083072
1,17.471256279490845,83.42543576444955
2,7.009904962411717,49.300595727401706
0,50.98029144882036,79.60472672371878
0,85.8239181170515,49.69171530015043
1,24.41948408567348,62.65998708882689
2,97.48870890995563,38.11589663468871
0,17.60107464589138,83.44219665231127
0,66.57738081521272,71.67195238382351
2,8.70253361313188,74.85709688397507
2,57.253790996997466,96.35741040721366
1,13.850628372192109,30.56886155038835
1,95.76983215141263,36.458502187654496
0,71.415656927422,44.80340258592284
1,27.934294778485448,90.9718693514932
2,41.6053751631013,17.247326791332874
2,11.457358366034597,20.67097024756417
2,40.564971064530795,91.20345034286163
2,43.002698641162915,1.366656633103247
2,98.54346831833392,59.841968567378565
2,76.34165055925875,50.71379667771589
1,94.49799065152469,1.5969864825823965
2,83.00891933843256,95.58208742576385
0,11.66997789231985,59.83422750161939
2,19.128980402170527,97.26135112452835
2,61.61828819149772,58.70695132391794
1,55.22481759957367,37.622553731694516
0,88.1776598007139,52.7310612450663
0,8.458378739154282,81.60410571316949
2,64.54465131280455,82.75467305158645
1,49.42850093940964,81.42766046428557
1,90.34717877625637,46.87133128664895
1,66.59805215041756,52.67553440098977
2,45.60710772535761,26.11157028557194
0,49.96447552143982,90.54357892707782
0,61.89791556063062,67.25782768485706
0,28.62614532183524,80.41369756609487
2,85.9039558421169,97.36077037283516
2,26.73301598968597,93.26248483622935
0,95.97391346028469,47.477311665037334
0,97.52658375188213,12.393994659274288






