2,0,63.65410141209063,31.581468931683354
2,0,98.2115896381216,42.31173747328967
2,1,17.068201746899426,30.97163108196569
2,1,77.54314021036342,53.050098760119916
2,2,65.40927929676725,53.34581110566848
2,2,70.4157182412836,8.85070920876343
2,0,44.26152531320946,81.39012036324871
2,0,1.222351223888296,91.81065782873749
2,0,58.332503008095415,57.98321838188062
2,2,67.32070619764752,70.14355824840001
2,2,79.15405764393597,96.99280639263075
2,1,59.68533371495949,29.372621580678214
2,0,76.0840526273702,44.38497001320266
2,1,85.2404078781427,84.3136730397014
2,2,52.56817886616345,46.67256815016992
2,0,56.38645263781091,70.18003672009277
2,0,94.31140372630577,16.93334625260142
2,0,27.705663765215725,91.67424365673456
2,2,30.004774767119137,42.095905251772805
2,2,29.629117658496796,63.465954847072545
2,1,49.01762958939725,91.73001583973608
2,0,28.895215028358468,4.0760768797009845
2,0,38.81200619314639,78.78736441321247
2,1,31.483012363138975,94.25794657573404
2,1,78.44026745462985,71.97326835034445
2,0,35.64431430090595,64.56918454368375
2,2,83.86159852442226,91.04902501125305
2,2,52.89371756052714,11.486823070385444
2,1,43.65629247523102,95.36139261469285
2,1,62.742622516723756,83.82499979054525
2,0,54.43425374902685,49.97358935127536
2,0,35.76684822099799,43.86367251304745
2,2,96.50039285721147,64.78030523854589
2,0,28.391735409502104,82.39859546392087
2,2,4.927590823197347,26.52982937269367
2,1,28.748894606896748,14.238255975143355
2,1,2.027024953911394,91.50648189615069
2,1,37.02417228588136,12.963380307081717
2,0,95.30897424522001,22.850915200132015
2,0,53.6212360402222,58.523385687187314
2,2,99.03225640119352,74.15541747675617
2,1,6.545116170258192,53.29622125952438
2,1,80.25021318906627,59.18039447901203
2,1,15.369500353984833,0.3353873638741178
2,2,79.90925750901918,75.13839903479925
2,0,3.154743002520921,50.24268598492676
2,1,34.02811363203631,30.78574816513856
2,1,96.56097511182196,89.8197260092065
2,0,2.2080555588826267,75.47621969978583
2,2,25.903480882285045,3.8801075448513966
2,0,82.26019161360914,40.920774026307726
2,2,66.22467825217572,65.0193973997716
2,2,35.8774992808066,90.16541792011574
2,2,10.311957889397117,25.40158994924102
2,0,24.848934140708188,93.55097491245601
2,2,28.78565706454792,78.70260350381149
2,1,33.72122791164048,95.42595399263443
2,2,41.06790307249412,35.43739006416957
2,1,44.454989931742176,22.03493072050492
2,0,54.40332001897693,25.56152380624386
2,1,19.345056737744148,71.03932467099546
2,2,72.8838235387426,35.41920315710596
2,0,65.58292840315706,35.15318209830463
2,0,95.93391817310007,6.107925873529297
2,0,81.39725086937706,78.05692412154198
2,0,90.47370274459826,10.233143665478561
2,2,35.41948602932622,1.5854151626536472
2,2,7.367262656134887,57.283568699631694
2,1,38.372765605906814,82.03956063510542
2,2,14.93810067392799,7.7200624804432465
2,0,62.02195735838975,77.17356106367929
2,1,90.81027621770795,52.5449939516637
2,1,42.6664603392625,48.98781741590289
2,1,93.04018786485885,64.65430756303365
2,0,23.675630449019923,8.151126685670441
2,2,69.72014373780918,36.29920695025181
2,0,36.9979255604189,30.384847015441352
2,1,87.73436289709218,57.45996871542529
2,0,40.716191071511034,30.27280039031175
2,2,54.18931474455058,30.232948316991237
2,0,6.037300229918518,36.77148306170647
2,0,33.159648900505466,27.519210643399383
2,2,34.945533075205226,61.47686444309785
2,0,38.56876761390122,41.580299960995646
2,2,22.063092501122128,87.94322162549958
2,0,71.65296773334518,68.11631954120074
2,2,72.1512438761389,22.685383194587338
2,2,79.29701240556356,8.969227551223135
2,2,74.77334373099269,46.15785347079553
2,2,20.78419098037455,96.01720838764433
2,1,14.380192985772878,83.41115293390786
2,2,63.401824883113875,88.52942627369188
2,2,44.79795001809993,71.95832564780719
2,0,91.3023784206923,90.5779805355397
2,2,22.518538275556676,24.077012844568813
2,0,74.9915936246403,17.557271264926687
2,1,47.78200092565551,70.00674709079408
2,0,22.574580828218103,42.07824162716879
2,2,87.60383087599986,49.19883175512688
2,1,59.80629864527314,68.71219743629469
2,2,33.97989104299097,38.71027545918791
2,1,3.0727229918096843,65.02358322702068
2,0,63.74417921515941,58.061832086657674
2,0,23.408271225482437,45.076219700892096
2,2,57.42056442923985,49.15032170972587
2,0,18.293722841925742,47.45612319034088
2,0,58.11545589461188,55.43123448589051
2,0,92.16833826785003,18.923222513341
2,0,74.54332395684928,61.92529977203759
2,0,32.18197426212007,6.589474183463118
2,2,85.6158245927931,39.39304271893993
2,0,0.28246548073186384,80.20653488068501
2,0,93.7168090242834,2.6364086021610444
2,0,33.433716650176414,23.883417729316246
2,2,4.683973287518284,42.96249241662423
2,2,8.977212056034833,83.60251874197911
2,1,3.09612753499664,65.59073999156043
2,1,47.335985174456816,12.471562180562401
2,0,9.179010425844226,79.73369067957712
2,2,73.27830670065148,99.71647481551766
2,2,96.20319579729876,37.69880729778142
2,2,59.82457189655809,40.39677682353561
2,2,78.26464480179061,94.62200386399347
2,0,30.452678795202825,11.124702354326942
2,1,33.8342962530031,98.93676369160211
2,0,79.4443686839827,82.15066917490317
2,1,85.44386778872712,30.20697946363522
2,2,53.620288829357,50.88378471727345
2,0,22.031571911672543,10.9552169222215
2,2,57.174299236826506,43.98564314366345
2,1,0.4562395093910876,16.61713279838
2,0,77.61599353784966,6.790011958848552
2,1,15.381698875875593,84.67217915159218
2,1,47.55810943290635,32.03931727827576
2,1,6.3328728153533405,26.877334487240535
2,2,3.7028280377984113,70.89601292343045
2,1,21.908423975464185,58.10095765708326
2,2,60.13867714660061,7.246675736344066
2,2,72.89188818815907,17.114164243315642
2,1,9.308676761256384,79.70211572165731
2,1,71.82971391343368,93.33262743277028
2,0,14.777474109834088,79.0976437496618
2,2,86.94665674988549,18.925979487725332
2,2,90.30835693476502,61.73760571766213
2,0,35.86385686251111,0.2512355031148883
2,1,88.81343151495918,86.45017169829042
2,2,69.22456780807025,95.78781884183525
2,0,72.42534848252836,6.964028988097315
2,2,67.42816235145598,91.61666861978686
2,1,51.13140809312259,66.01998625994719
2,1,59.944203335458226,32.21150682047773
2,0,84.07440212984015,60.25388773006729
2,1,87.35873471147806,26.278497809521674
2,0,67.6450409374472,60.27189652878104
2,1,66.45939580655539,94.8180079390233
2,1,77.2280815844975,51.94442040989209
2,0,21.776612674610373,95.58760621160867
2,2,8.691063944504162,39.18145140688696
2,2,62.74236691368268,10.902263402736557
2,0,52.563251963571446,4.875702188786136
2,0,56.0865495780806,37.8164499008937
2,2,19.680281539809286,17.297638041832887
2,2,15.31975994472602,80.93345950794966
2,2,34.71302410592333,50.355902157679346
2,2,99.73798067600697,14.966052158158671
2,0,20.155190050905546,90.90604010559895
2,1,86.16708992463764,9.496128696009553
2,1,30.46594493200111,25.686175899537577
2,2,25.14799708955224,81.18315462120151
2,2,9.882358953245351,6.38232579619098
2,1,25.378710979039766,84.96362333077592
2,2,7.515734303375099,15.629369461708354
2,1,54.94869165742462,83.25833361550191
2,1,41.34785200190269,1.6732718426221482
2,0,88.035313347929,46.384112918760465
2,1,8.692322540498942,22.181298016498687
2,2,95.86512419093373,53.5481024997851
2,2,9.515902477505843,19.579217246725534
2,2,57.185391493933636,48.90660877551534
2,0,37.512739340865096,99.93010726668923
2,0,52.06054468886732,66.9956935536585
2,1,80.33004532319326,34.9377897695516
2,0,51.120418923443246,54.611395947835106
2,1,10.413703436959398,23.146518345575483
2,0,65.89432098288206,15.350103075960053
2,1,85.81052397216638,32.0975316200243
2,0,97.07677875283665,44.89614354046885
2,1,28.600542243466855,35.22007520247442
2,0,44.38621762376142,58.93125939888526
2,2,17.493599841732443,35.443675291469376
2,0,96.2160045731194,83.47642502907117
2,2,57.84329534101097,20.004365029008355
2,0,73.52097211650863,1.7876586533551175
2,1,7.655412772582948,73.30150834204282
2,2,6.360668832455918,68.57168537166119
2,2,36.471816323760734,4.397333832217843
2,1,91.80165571752633,68.61547526221055
2,2,7.829287044952505,64.45873593336144
2,1,83.70038247342224,6.879044991850214
2,1,17.917574042286656,2.45417604029331
2,0,51.819488076841225,35.21258043817516
2,0,3.145006565839592,48.7397656073963
2,0,36.197602987408274,54.96737159790845
2,0,99.89902614169233,13.754558652346539
2,0,35.61180151295047,53.392039649665946
2,2,34.495324110047655,63.90401683726525
2,1,45.12875214816726,36.28588267535837
2,1,54.88401577575134,97.46681444290107
2,1,39.71519717604078,3.8760171747042604
2,1,20.99364111804717,96.54563799036427
2,1,53.27105503543853,2.0281755801684787
2,0,40.44443888620579,50.84428615142426
2,0,52.447107842085195,24.77022665723585
2,2,96.500947066123,38.52695225721278
2,0,71.99288037741977,59.4463160386978
2,0,10.495245063414194,24.32571063342859
2,2,75.51478921249006,80.09629171400165
2,0,11.710698974449784,63.8670047789137
2,2,35.168374260300396,98.68351318721523
2,0,50.72498047909332,21.47377012938937
2,0,11.617102668402168,42.55666977644342
2,0,73.3340605205568,77.42656601703301
2,1,68.09983453997165,97.05261421832715
2,2,58.89207981922948,82.5935141527761
2,2,2.7078275284988185,16.469650636496226
2,1,94.60935130607844,83.93620265490468
2,2,24.846767109766756,5.079954494883321
2,1,38.93538201541126,60.85106990297522
2,1,9.226281747732479,85.28942417433299
2,1,18.581895090557886,33.34682778645539
2,2,27.232122177630714,46.664403772373845
2,2,38.58888344292971,5.376769523043324
2,0,85.18597956699301,25.887861905324417
2,2,47.82527374151,36.76685837840758
2,0,83.04390216047283,44.296329592408014
2,2,6.724647318162546,75.48608265569915
2,2,52.150100655247414,25.528111196101555
2,0,62.23040182918611,95.68771220348262
2,0,30.414511489402642,36.875306027823086
2,2,48.719412705653,23.461260062002665
2,2,98.66455761603338,90.72021833817556
2,1,15.85595766078358,69.1853141525755
2,2,67.2991806797713,47.21022824585629
2,2,39.942103335997324,84.70032426169112
2,2,4.432202137093865,95.0693079934908
2,0,37.726683751696335,26.34226152823347
2,0,86.07048558168671,44.55379729987655
2,2,96.49591728684324,80.10786595313712
2,0,85.29868778704852,15.804532192131028
2,1,96.56898932509704,38.35334827391361
2,0,36.92974185345149,71.68468613289777
2,1,24.756623768037944,91.85205298505059
2,2,19.381729530523785,46.646980142942304
2,2,0.016506355931400485,85.83523973444574
2,2,95.05266256795507,4.383331925075096
2,2,67.5020882038359,26.87239247084977
2,0,15.864389922337264,55.19595258967082
2,1,94.3465511391557,49.82949600834377
2,0,20.823938422337374,28.70872233559484
2,0,46.791253537681875,85.37016963290586
2,0,12.441386179356883,64.97706160125492
2,0,0.8209257283228744,10.611644441482127
2,1,62.68422065798549,59.692152202442216
2,1,80.18228963684587,44.71564025648546
2,0,95.28571223383487,94.23204152474581
2,1,3.4000665140918374,16.305853443886242
2,2,61.35887740721727,62.721224529480814
2,2,98.76831409965459,60.485385081055455
2,2,30.024952020824035,68.11743228974436
2,0,96.8103511074639,7.03280797409821
2,2,85.35595875752216,79.75999714800624
2,0,23.627863002734195,84.59734317093476
2,1,34.06560293469418,75.91134413895585
2,2,30.074583923219556,69.16457881729806
2,0,45.24051528428835,17.795731478306053
2,2,1.8362760305407955,6.683145034687121
2,2,94.17363473663372,90.03753080029884
2,1,72.17015287739336,94.42020765382792
2,1,93.66582598302504,31.7669847824969
2,1,39.01980890359439,22.53757997240583
2,0,99.98762966648607,22.599155570529117
2,2,66.53760441876192,42.393963755882325
2,0,4.669992844931981,22.40423759507867
2,1,55.686791721624765,58.57470282757793
2,1,12.539800370972786,61.642740831450546
2,0,62.22888417289675,5.191772235338632
2,0,94.715180384318,50.71104803995715
2,2,38.35522514314054,82.29663051974694
2,0,10.249015399113294,75.95407655658857
2,2,95.26191828229665,37.83745534876226
2,0,7.688417797595926,70.8668970493213
2,1,42.5793828849101,70.4533670723647
2,1,26.877639401238497,90.334645784224
2,1,14.163553216686653,63.1903224410762
2,0,44.53143645618957,10.37563205849188
2,0,63.971473419512115,41.06954652285477
2,2,36.364614616788316,60.87061924633599
2,2,7.8680761824447725,13.286850062427424
2,1,62.5556393157239,65.35251571623934
2,2,27.47006903079584,43.07449600392754
2,1,3.1020715984206304,38.98573703423164
2,0,43.37996823887067,85.09209877871787
2,1,81.92193048356063,1.0343979353379607
2,2,79.2533188775478,69.01064283098931
2,0,75.92865373320956,65.64045785646904
2,1,52.562119390618875,13.554091891540788
2,2,90.52164749725272,56.27031400614017
2,0,89.26706732991232,99.7885562170876
2,1,48.91493384214937,93.26328053828749
2,1,81.78563312008112,23.808067746223106
2,0,42.40801485126842,33.52513243421163
2,0,31.460546204470585,43.34131579405655
2,1,80.38874924374298,50.546464670363356
2,0,66.25796712131145,86.01095676389838
2,1,7.305279506567053,45.213701480002086
2,0,35.84316124502407,74.53637871830252
2,0,29.475573226131935,26.335776294056558
2,2,35.305097301540286,58.69033377021449
2,0,32.97269745647555,81.44371889474209
2,1,8.877866201223695,43.126401760811774
2,0,54.27441142802536,27.550124485339023
2,2,52.2444369490876,37.94831301093805
2,1,63.487740861782726,76.54903707670525
2,2,54.02210391583871,63.73841171743939
2,2,67.27914086057704,16.032654937780897
2,2,48.02698013325206,29.085424922709258
2,1,44.206665477687594,66.99738825963881
2,0,75.74435419175276,29.629902203095792
2,2,39.80437914768393,43.96139711375173
2,2,72.83892103329197,16.532747805353697
2,1,5.073107678799349,90.72515003215221
2,1,89.31130474052496,97.72144082278975
2,2,43.351552424102735,43.93781021291603
2,0,28.8571693105398,84.19608447517808
2,0,64.69747313838539,15.86595424712377
2,0,57.91563094244264,87.26867235758827
2,1,3.7538655297147727,22.86702714615535
2,1,69.21486273174808,15.977599671733067
2,1,13.829637689153607,95.43895149528188
2,1,94.36967788276792,60.15293477021606
2,2,70.80527993890972,78.03052729318016
2,2,14.466125027494725,46.53323618114798
2,0,70.3299114789686,72.77988649433334
2,2,81.55628027582848,21.50953119296747
2,0,42.29579063259236,99.7522735605089
2,0,85.37170688646121,22.716076793448426
2,2,46.66755956383769,17.960665545619527
2,0,48.696429705031754,92.10988556000574
2,1,54.238171506270824,87.45537029033295
2,0,74.47249394198843,86.2571929807317
2,2,42.48966244299097,32.433482060878106
2,1,26.371326986815692,85.77371084139494
2,1,29.58338469090839,36.91085521823847
2,1,11.29803970118789,23.91085438047922
2,0,4.2570075579501765,46.16761268529993
2,2,4.597511829287759,85.85001410488535
2,0,74.67234933157211,19.98943005382854
2,0,20.262658836953694,95.40960619740919
2,1,2.0947431219108914,69.34174303621374
2,2,40.589755117623994,37.626835504760756
2,1,34.65197623964907,72.01381522510356
2,1,8.249163826518057,23.836058610468502
2,0,10.859514570471562,13.040528541563734
2,0,18.455907144944504,81.43194430245903
2,1,30.00071814164936,25.178047665491377
2,0,85.83383060024103,56.91198123716431
2,1,84.00614654199208,28.841008452628934
2,1,90.0462565787692,68.62134968502363
2,2,95.29693319304138,24.379426997409006
2,0,30.34744025741962,93.22772016837133
2,0,73.6555030873617,67.26679177452662
2,0,56.262586513011435,8.991125090111819
2,0,78.47677960594459,78.1233010712532
2,0,86.89988087586416,37.89863231858784
2,0,56.775655626432155,91.28251993024044
2,0,93.98415860231295,46.250024213959705
2,0,38.88787054006295,26.36785609612231
2,0,2.8844716212193755,21.70015360516645
2,1,47.32668682511343,8.97873895976231
2,1,30.023619135939995,69.87764970064704
2,0,68.94082028686665,53.75718659909959
2,1,90.26044138072824,53.218548156433364
2,1,89.76663851562114,91.35700734640135
2,2,19.195961144363615,29.038148440902077
2,1,75.32293150980017,37.04997451668526
2,2,9.443076409557971,80.98425578542614
2,2,80.0421641318236,80.79145768564382
2,2,54.69223089666711,95.68410867125405
2,2,27.90853574530545,34.3759636067273
2,0,33.415270403395795,71.38530485908478
2,0,54.327553204043376,47.72819594803826
2,2,4.2800192084219475,98.35148268231222
2,1,24.77762581309928,5.111883889494562
2,1,97.07627540898297,23.24348063890831
2,1,43.34383997475172,38.77705192729187
2,2,99.54292318612792,18.292684798199275
2,1,66.23915734504814,63.89217677309762
2,1,26.437628942192404,8.171441983861182
2,2,41.53715517060588,94.16037139175488
2,0,24.818167863226638,86.17393626691099
2,2,99.19957282906734,15.907690684486543
2,0,58.518267784293364,63.48335267253228
2,2,86.08916794891468,41.218241358147914
2,0,42.59640154847103,10.568334846852245
2,0,57.73369759158403,61.795893078956524
2,0,22.982810050513226,83.45881559512698
2,0,98.06524934851298,38.26008223670202
2,1,33.36548292191781,80.51910474086347
2,1,21.516547828400068,7.26369895027913
2,0,24.853727408227012,35.26134996532597
2,1,62.65160593942193,84.39797842691914
2,1,28.61549712847222,20.18104333672486
2,1,50.350734487194956,56.137430083696415
2,2,41.518124203393526,30.43706946156459
2,2,5.963928021379184,54.15909364292263
2,1,0.3441914516521982,85.22540722303168
2,1,20.236414017240033,89.42886022471147
2,2,48.44476033183164,17.50474040447283
2,1,65.99758691622318,24.252183693335773
2,2,82.40257456450689,10.592340850792592
2,2,75.62125888012025,20.547642163453727
2,1,80.59808762210568,19.631328424556894
2,1,31.505967761154984,76.31306990344129
2,0,33.42643025345393,52.59522912079532
2,2,32.01131029216911,72.32840230712408
2,1,47.75477577787309,67.16023405240703
2,1,37.13783646709785,69.61188344204604
2,1,89.83286877244335,81.70256077342246
2,1,84.84366400798763,58.17513989762797
2,1,50.774190971693564,41.29771500435505
2,0,28.114398837544762,21.240635982150746
2,1,48.131521590748974,56.71037377933034
2,0,28.692430482262775,15.973956850491078
2,0,68.04294962209896,65.24387063130683
2,1,81.97414603755092,60.075342044996816
2,1,7.304190068398597,25.539096833444763
2,2,8.845396130149785,10.509428514517193
2,0,14.365168222692837,9.897224307658947
2,0,48.132583328986065,53.987162715152536
2,2,23.4142514018585,52.282112647259524
2,2,64.16695199809139,71.54332997660255
2,0,9.422263168401601,47.1207569132144
2,0,23.54323564428501,27.572101417979066
2,0,76.38934794984773,49.75349583711295
2,1,94.56185533107974,23.865972460052486
2,2,42.3378593138506,63.28132152232745
2,1,41.86127870140777,82.50249534815526
2,1,28.844870594281126,48.35191700254231
2,2,20.26541642510047,8.75559867497875
2,1,73.73289810349225,91.22239683809796
2,2,33.73990023527483,43.560618378740045
2,0,67.65400080807197,29.371593199094715
2,1,45.656095649445774,29.785974952613337
2,1,10.204909490775925,65.55431631038631
2,0,72.20412975926102,36.2423406976339
2,2,89.45544257298825,60.0162475539221
2,1,26.32685927529651,47.11431659089652
2,1,22.16594433993736,19.87406168682003
2,1,39.93783322010792,6.90075583328873
2,1,57.98660014695388,53.64834159102462
2,0,11.460330619016057,76.0488137857656
2,2,58.28402741739903,70.13146172950194
2,2,39.64049639958187,28.547175561537486
2,1,16.214996204857147,58.10959357092521
2,2,86.33420127262393,39.674394194538884
2,0,64.92842415843383,46.44452572078646
2,1,21.59072379628888,22.818777407977553
2,2,11.70802044729381,99.55870168215415
2,1,49.54369537162587,81.92791526389239
2,0,51.921004115401935,54.55989087961199
2,2,67.05428148073538,52.0498028134371
2,0,4.002152190912611,57.16291125317354
2,1,20.36928181674006,19.58081601145195
2,0,97.86059937909961,72.77808815647504
2,0,89.34434611305258,41.79738307439148
2,1,79.08942984223071,29.482003641070122
2,2,55.75062494851372,77.48292718653718
2,0,5.25198790919953,76.05662236249867
2,1,81.85794057309514,54.54944577612817
2,2,94.1955185717973,31.931811724642124
2,0,99.27556198748164,92.67384031214104
2,1,9.5354159562143,16.357730314923845
2,2,79.28431579578479,63.92098449812064
2,0,95.73258721752289,86.1361617411097
2,2,33.298465839384214,46.713374127229955
2,1,83.00546859196784,62.4246762548586
2,2,37.15603032073941,14.607786417986436
2,0,61.44351536453233,73.7437548837196
2,2,1.3079908104116855,53.66631494701751
2,2,34.367533599853154,6.348473356813589
2,2,83.17208923130248,2.1209002522642684
2,2,24.5734409949817,29.260051731984692
2,0,70.59355069849029,84.20466176669737
2,2,46.5108300045598,21.871776620697357
2,2,39.52993909200843,25.09086919876622
2,0,12.103877868423506,40.40939213484661
2,1,44.145572792803044,3.146867256996866
2,0,47.53841350747528,21.08796766551234
2,1,45.709340135046475,86.38119467758013
2,0,91.91467348913453,48.37335682125341
2,0,96.67734038152712,9.67278983544838
2,2,25.368616927573328,37.843552276773416
2,2,95.96468714386822,21.052258673783918
2,1,43.589785625961774,91.84750018928436
2,2,19.648891053721897,21.491104117784943
2,2,22.398205156838348,28.204305174915035
2,2,15.641032221502593,82.45022990550585
2,2,88.56003653183376,4.283169705331435
2,0,16.81297555039626,64.95643660663262
2,0,43.976271954849345,58.84139965080079
2,2,40.8994042171432,5.730273829224696
2,1,83.3710159814444,5.873167873913676
2,2,64.74305693332569,29.94409111036507
2,1,37.50472319223487,92.4915225595175
2,2,41.327004723357774,28.515533091002844
2,2,3.1543016511562216,77.99434651101038
2,0,20.369808667100532,17.351475029812324
2,1,44.692708040991256,23.53820604492658
2,2,97.65745170866673,28.974102719023996
2,2,5.7748645772118135,79.4426753216545
2,2,69.86480840385208,49.45625501326948
2,2,1.8763140927272381,9.165999596055553
2,2,62.016183926455994,5.966349944299609
2,0,72.38455092178464,7.582307222872986
2,0,31.95952424065701,85.6827405532285
2,1,36.95832922163851,78.02384757708842
2,0,62.631698033254445,92.10342503390852
2,2,79.30050581275265,7.993124083172265
2,1,38.46933654132222,15.819208625046654
2,1,55.939615517499085,73.8297978816897
2,0,19.67057732217,21.5646560362856
2,1,66.12517219048549,41.81321183668829
2,0,55.004555651775114,63.2166458310276
2,1,62.866757238147095,15.815925713775691
2,1,87.77627493412719,99.86310691697786
2,1,8.409077317283774,9.939492199422173
2,2,2.184438899874941,4.539808381008692
2,0,40.6902128229562,66.36887300770715
2,0,30.218918581266617,84.18952446679266
2,2,33.99436743093997,37.39832089260264
2,1,62.660246522722694,91.1657387390182
2,1,29.40142923675577,49.00418706556242
2,2,60.74276069383993,56.24657883479192
2,0,91.8130581809264,4.610581053008522
2,0,32.65612046787386,32.02528890792462
2,2,91.43242688612892,80.16148944142266
2,0,27.954849753808396,50.97210014284963
2,0,35.039851009185284,54.85588436154855
2,2,98.11372998805567,55.65562915937333
2,1,48.580300809421594,18.64652902458853
2,0,41.04922491607407,15.03223319473016
2,1,29.07110097528812,33.650463375223005
2,2,44.686228500909095,60.78127565671443
2,0,83.93540964298813,67.9859022986357
2,1,78.9354652118695,21.07762835954432
2,1,65.9027394556794,28.168871445167476
2,0,50.2591119349175,18.141265887668578
2,2,24.905195149825275,46.435933399418616
2,1,17.277865069936638,93.33421822393048
2,2,89.47333288528347,89.1958199586552
2,2,7.391984270562135,73.77769302613783
2,2,60.14234205353739,17.180506255348014
2,1,39.74943504832479,23.015098577230585
2,1,31.54481271699945,58.26756214572174
2,1,72.86538139346729,16.741311750295452
2,0,6.005552382301427,35.74695689843662
2,1,71.71592228584673,85.09458364782091
2,1,96.22371140097754,70.7867233586308
2,2,92.14151663573794,99.11148650644229
2,0,32.58719890586333,45.27262651847328
2,1,99.89774155188297,12.196357940988346
2,1,66.4081105861712,44.380672015119835
2,1,81.56672668088413,74.76573157331838
2,1,80.91815917110729,5.795895058649069
2,2,72.42206153533945,43.57716597417425
2,0,73.76718605481962,9.652223793386383
2,0,38.688008485581925,42.87128228263731
2,0,47.003422554094485,67.85580386137957
2,0,97.01027165489661,41.23061854491324
2,2,62.180064591928996,78.09332771801189
2,2,72.49323116157468,37.639669228989256
2,0,2.38039441147454,33.0406355519265
2,1,81.49582865316263,78.13904966324215
2,0,52.65496282580604,34.549485292149704
2,2,64.97275876807969,38.797340213862384
2,2,80.31693809527316,53.03416759202029
2,1,49.783543979498454,17.597390733708963
2,2,69.99644301414551,31.370824732755022
2,0,58.42537431973547,66.42505374970993
2,2,28.877084369255158,37.90598999038486
2,2,68.6853764305715,43.5844951670944
2,0,81.43660767305241,26.533026514705437
2,2,59.020797504813835,68.78553318501396
2,0,53.23066566371442,30.140123739112035
2,2,36.91679079252346,7.015784539099224
2,0,72.68845248364677,96.93145876285972
2,1,95.26055314116074,65.39400602302233
2,1,63.12629336998739,82.44606745366328
2,0,63.53310563572636,32.53918707834252
2,1,93.17247123821323,54.064264675670806
2,1,97.74399957703135,37.1965724013269
2,0,93.87879811180568,74.11931501955445
2,2,38.22048895196078,83.04494011400007
2,1,89.5882217067078,11.03437766366666
2,0,92.18412912662927,53.54929565725293
2,1,85.65858236678922,61.100460738209485
2,1,25.97257824707476,50.70257830394179
2,1,0.22934136487121615,45.431692751831406
2,1,55.0038487719488,29.897965640496604
2,1,81.91013811970205,48.60803239405489
2,2,68.20017978274866,28.936185519347703
2,2,57.43067504679929,9.910399771625356
2,1,30.364569683163488,84.68147777638355
2,1,92.47748012173936,15.291949015735318
2,0,97.10304675445764,92.9344098787853
2,0,84.56642688813358,66.67652622963855
2,1,48.609425207676935,19.403016858743214
2,0,94.57328739252549,97.3320508178091
2,0,36.36026223638428,80.7838174884769
2,1,14.044697890165924,48.80811253890707
2,0,55.20357085726382,74.30654196245928
2,1,95.84083430033292,66.95366291965887
2,1,91.72708600748524,44.3272692573063
2,0,25.36950960701201,82.0061851043898
2,1,89.21544347605622,16.238929989669025
2,2,94.96468625139819,23.4918275742638
2,2,70.27352807977442,5.758418646328678
2,0,11.652510858868691,46.52550354247475
2,1,57.0914175384396,32.11246742080207
2,2,40.55699438141035,52.279975973115214
2,2,31.723873791450497,67.37314621599397
2,0,95.76461698882409,55.762817238285464
2,1,90.51785863350564,6.137543126041212
2,1,62.15413166972241,75.53537750640093
2,2,96.24893288855752,26.365478479810257
2,1,49.50336854782643,12.762530342557
2,1,83.38732575965989,40.390971092767266
2,0,67.59606809999498,55.46281324309377
2,0,42.755738182374536,38.172245733016176
2,1,83.21291312588201,48.88999877583571
2,2,49.25638805767878,87.64045338970641
2,1,7.095389440360034,45.940232260548164
2,0,80.10710200468645,88.53653326814336
2,2,79.16049908855236,58.37137487979989
2,1,39.641965566797396,58.10310474687015
2,0,96.67823473948978,32.42224846181482
2,1,95.95743533609257,83.7495503385628
2,1,94.23913330062034,13.909663729970923
2,2,38.524715354320826,27.130182385531988
2,0,45.85477605081588,66.92323552499813
2,0,38.425356239080045,4.995509109515639
2,2,46.467024378124954,15.017991707130186
2,2,96.47261969868102,66.20818359726533
2,2,81.24783443050868,80.65404415909697
2,2,36.15912176996514,83.03313585359416
2,0,92.0443379834369,62.96437976901639
2,0,84.7101207736051,53.48555801856961
2,2,69.50956961769799,92.04801804660046
2,1,80.2224151725471,98.82530896902702
2,1,5.376037013409873,40.543497333071166
2,0,34.14302651199096,25.861478653851734
2,1,56.86237125996875,44.96549565590773
2,2,4.787984971740378,19.433418685646686
2,0,38.180023100294214,89.71291533514677
2,0,9.808503873228213,39.6580483716732
2,2,59.923594353346544,90.10202854035981
2,1,45.47847622185633,14.822382879166485
2,1,12.145294800614225,39.60214982324829
2,2,15.047476422937333,56.25720520395693
2,2,65.23142071525899,19.283319291170308
2,0,72.06053013161223,69.09268474864808
2,0,71.77106845719351,36.84126512433673
2,0,6.036998956041495,52.86703405195308
2,0,4.191208012627367,27.068486694881887
2,2,69.94461224963808,30.09066300435198
2,0,11.715222750123655,12.329882991848606
2,2,0.46964458338050186,45.56928180435954
2,2,90.7015672272194,25.679051820112996
2,2,94.02991769418858,80.54249853549933
2,0,50.125202403284696,13.780486093100674
2,2,67.02637592578915,13.283530730980731
2,2,84.29830834830373,66.47369835367259
2,0,21.22522377274937,20.684841212297044
2,1,33.55125768930933,25.01296675812371
2,2,30.76764700129383,42.090562877283475
2,2,29.616920024450444,71.73591515985098
2,1,29.20001412321831,38.84217102793037
2,1,8.780366676436135,2.44100703184984
2,1,27.308802917356,87.37347674724543
2,2,38.35464239462397,72.57832741087759
2,1,56.024594170904265,70.49877092753307
2,0,89.03179993137115,22.563374785177913
2,0,39.82638921927874,89.35861005838548
2,1,46.78809967123424,32.710486714411324
2,2,6.690957784864571,41.4436131139861
2,1,89.21489151207791,81.11018027919609
2,2,97.10276093304788,94.77473104249741
2,1,82.22068162523125,20.014985183432422
2,1,24.732830493465883,6.250106246059994
2,2,82.86277135656796,83.72034180641457
2,2,84.92470217914654,27.991619661555266
2,1,62.969387029464066,48.39853359874626
2,1,6.739432202049089,18.7813963118488
2,1,51.28034423015049,24.28199428560678
2,2,53.612568922966105,98.06518250591193
2,2,71.00586264251912,32.27613591057528
2,2,7.807089625444441,94.12364124214773
2,0,3.8913267972463195,20.065646534446724
2,0,1.6765570797827256,85.12883748727438
2,1,84.30939722173312,86.58047593848956
2,1,6.327802220214773,38.52654336788739
2,0,73.66354620712353,77.26689803842564
2,0,17.830782380403086,74.70194326193071
2,2,50.642304854046714,22.200156408435777
2,1,45.80663207788302,85.70147941426998
2,2,60.209449532801315,8.829447340511432
2,1,29.671803848197197,50.83462363412041
2,2,35.21875525739755,46.769221951742566
2,0,67.14713659243847,36.20398873593318
2,0,57.33721593442701,77.76044366423221
2,0,34.55588488782496,3.1227815045835827
2,1,33.62333760322605,8.26135479802712
2,1,70.81123508987393,8.104239480790888
2,1,16.782173207441875,9.192176515944418
2,0,96.27836371472017,68.77236593799606
2,1,85.65187619228858,7.448964727706331
2,0,63.41464594101877,46.477461474347535
2,1,8.380650814811696,28.245589574970243
2,2,29.615983972255343,86.03420711405803
2,0,30.196200171293132,93.27025636441314
2,0,68.76756761360741,60.08735049275001
2,2,44.66273018415258,69.62663161415588
2,1,58.18951979642332,5.296920439413089
2,2,57.48896813129398,64.35880256780176
2,0,95.23079087722334,55.670767086026586
2,1,49.66476248649443,59.818451516933266
2,0,57.80267336878031,21.272820119167758
2,2,67.18378249698301,88.920246310294
2,1,88.5445202692911,71.08824548649334
2,1,53.858679495317084,32.788117938348925
2,1,59.87026357125078,48.23546741037137
2,2,83.33520486244403,43.638666636534076
2,1,78.02108957606848,28.135982876178367
2,1,34.82178072945068,34.91423163857269
2,1,58.80597342267182,65.64880422354943
2,2,56.270078813457445,83.61633240000725
2,0,41.3242049942934,25.455085196957228
2,1,13.825800177346414,64.66914057253351
2,2,37.6089372402717,85.62554861222551
2,2,50.26556117911116,64.48421249966201
2,0,23.294352149042542,29.49691229577236
2,1,13.185513248668313,40.59825113243781
2,1,61.60983919651216,72.67133274119078
2,2,79.05403668342373,79.99641863889063
2,2,26.555955811103537,96.88314458749761
2,2,56.90787731508422,47.407642470523
2,0,34.23549937169476,50.21184719793165
2,1,74.60025477214049,74.52790415119198
2,2,23.71081327207968,59.73236328477828
2,1,21.891033181820617,20.34819657116145
2,1,87.45039647101267,44.14298959236823
2,0,65.34679517546287,5.667409483625418
2,1,31.68514537882149,91.52720059051236
2,1,24.168235489432632,70.71915352209425
2,0,93.22454814495913,84.37507753352253
2,2,34.39302452902966,12.479401626135045
2,0,52.49425482271698,16.41010222358509
2,2,7.729245899307591,1.6208917401007383
2,0,61.87648558163572,1.3679444415315434
2,0,15.394640880775023,89.70627873279248
2,1,72.82030673318916,47.463998920087114
2,0,8.445498520809513,30.157051967215697
2,0,11.073892247948914,60.535049131938145
2,1,71.21531928689005,67.1843514784248
2,1,30.1974339683453,41.972680557524136
2,1,45.24630778715488,28.46799928854995
2,0,30.088524094694304,8.321518971192743
2,2,41.15994121447366,28.02697536614216
2,1,29.00959837787419,84.81344466608934
2,2,92.30617087601254,87.20761396144474
2,0,93.36908132715331,46.73674787601336
2,0,0.9481732347794036,95.19127749946364
2,0,76.68523373975616,79.84765222729851
2,1,15.55326662049481,78.49217869515202
2,1,63.913289261335905,58.2076960794913
2,1,35.882170697753004,7.390912013219286
2,0,87.2323478762269,66.22498212561193
2,0,53.584591673035966,53.02536632148057
2,0,21.3427331857034,88.33639501786851
2,2,80.62267062444496,78.20308349759873
2,1,68.26257373377315,55.68082651209249
2,1,72.5414025081686,91.52156904119147
2,0,7.268503138545823,85.83721734510739
2,1,86.47325427748343,5.295015082215848
2,0,0.8981200462071182,14.871238853456925
2,0,56.58711880838061,16.69953724180049
2,2,88.90637416197058,77.66556684190299
2,1,96.33881066125774,35.323635250876116
2,2,4.746895686014973,94.40180745671174
2,0,69.27469095531966,23.147183099299383
2,2,21.75342320018331,68.47934782999468
2,0,31.917435436681906,81.5112642328275
2,0,64.98936461471754,33.09289571488545
2,2,22.142036077123063,91.14785900898723
2,2,46.80540334177344,35.939796271234044
2,0,98.15064514714422,33.964078637396454
2,1,93.19294907086292,66.85894146408037
2,2,71.22507361773623,10.170905743450287
2,2,22.959617819831813,12.08487304482384
2,2,60.88217001262386,96.15376031903938
2,2,86.71159267974944,15.174500640407352
2,1,84.56741467887903,56.80290650909131
2,2,89.47127798263531,30.168312764839943
2,1,17.0297590188899,63.556677434290265
2,2,35.922952675909436,76.69101463466058
2,1,66.8172802329112,83.71742015978658
2,2,17.56229173783751,21.232667074584388
2,0,18.477929727881627,3.8931835327852937
2,1,87.61533539386521,25.04310043795117
2,0,16.136196911839072,89.61652380489362
2,2,14.037542644478496,64.82725555897166
2,1,12.509770704412714,6.268444732293332
2,0,59.7598759012827,49.07826019233532
2,2,48.019780583987945,53.33059306894062
2,2,5.914939517414474,7.421431838690095
2,2,39.20814790503032,27.220915720459505
2,2,73.30267819659156,54.099518070243455
2,1,20.039637282609856,15.366399367707517
2,1,60.08494903032934,63.37241266564975
2,2,91.77348376487782,87.79126631391327
2,2,59.60922152101812,0.9189802708951755
2,1,51.973239847922855,48.417221921629384
2,2,84.70320971778648,21.18198411289316
2,2,94.68601659739195,91.04227471275895
2,2,61.12689370336191,40.838898189186224
2,2,26.09058353598942,64.41514599972379
2,1,84.08381512800356,54.20628006311398
2,0,53.11504825099378,6.256077497701695
2,0,96.04073547020808,71.79871684948077
2,2,92.68730847322873,32.8155753474112
2,2,65.59055170168763,75.20696735684966
2,0,24.63727680183131,16.82237503479683
2,2,8.990199191605608,41.42558379736291
2,2,80.46454686594325,18.327886155150118
2,1,45.04147739337513,88.97794290559051
2,2,91.98688695997046,73.87366089349136
2,2,46.694859211683614,68.1879938976143
2,2,93.90771486631819,85.44863803769829
2,2,10.545412371076957,87.87996851962305
2,0,80.46681810547268,86.55544068565607
2,1,50.69298034543064,18.045593702122066
2,1,66.4803338588801,71.119899023495
2,0,18.52309206446886,55.01392172359083
2,1,10.53839345808294,71.19717457645798
2,1,51.40650584672045,66.35181677848323
2,1,79.66747005785706,35.39360760523128
2,1,40.789691642047046,22.03077111763182
2,2,0.8618028831430702,43.997086054979064
2,2,48.62173402010036,63.94384641713693
2,1,79.5621849910059,15.113858937337888
2,0,17.675549396347602,4.28331814588544
2,2,6.513915915842505,84.26695707780483
2,1,72.55113944122868,3.111698037148336
2,2,20.49360167740607,7.691615307810196
2,0,65.22984942226884,59.052091789314
2,0,57.96269968819773,97.9647586031278
2,1,82.30037571175772,34.91729704809872
2,2,13.31441010161286,14.340026320843657
2,0,78.92136769019382,45.94730604767384
2,2,71.38211543318333,62.649865316957275
2,1,54.99899128675412,26.481346105650683
2,2,25.82019956464796,38.704594349701495
2,0,3.036872264664192,1.5187612369863879
2,0,97.88419826699274,52.94094749089011
2,0,71.33343934682078,52.00716686250255
2,0,41.899518911822064,88.56693075744312
2,2,23.73799544771128,91.17206420923412
2,2,27.54727396441845,7.592137390025389
2,0,66.77540720021959,46.91142592895159
2,0,77.74241870029381,10.793278724157728
2,1,84.62678038750248,79.08574862592116
2,0,46.37358257464794,44.07546988398624
2,1,6.627396183616052,54.95292363222344
2,0,43.22439800097446,71.33062868211992
2,1,60.172864513941974,10.835495656550066
2,0,84.62363712191376,44.47835663957763
2,2,71.60803449316177,48.697922704025785
2,1,84.2612288511725,13.486846882791903
2,1,55.894033205093976,32.8388836887026
2,1,97.06035927034685,67.62005273567638
2,0,40.2905570160968,7.160523733254642
2,1,84.58223397266916,41.34090522986105
2,1,95.73111713321553,79.01249860743734
2,2,11.796179170670085,85.18517351293839
2,2,88.46913931221654,69.96752866168569
2,2,15.485204048306311,81.71418823209643
2,0,86.2490991663176,74.3799430905515
2,2,49.90704677950085,80.64334566817726
2,0,78.98243945220086,67.81715907022276
2,1,65.40000385658747,74.42742943476645
2,2,47.63481616625976,27.309033372757764
2,1,38.94015635206966,63.187250755058585
2,2,19.33032406665679,12.554537072089067
2,1,52.67304193615914,52.70978948865762
2,1,17.460375873227896,84.10287327971083
2,2,67.24960658153547,60.84862562057592
2,1,46.38532672923649,12.283125186963883
2,1,19.824661420741474,13.969863194054643
2,2,75.50177028831521,54.15580875223311
2,2,95.61496375839613,0.7044100993955804
2,2,58.52458223494163,51.85474819577698
2,0,27.58189289161682,8.578295568044625
2,0,89.51755957587464,31.795128237424166
2,2,90.98183536758813,13.77870482816328
2,0,78.05253530699653,78.53141354941008
2,0,86.39438137191814,33.335838985568635
2,1,17.17863201165162,5.177667635550098
2,0,88.77059805740089,93.65308788655986
2,2,93.38207634806663,77.46501826523519
2,1,1.5277378352897553,74.07343028666061
2,1,13.269558560973104,3.0151804254702985
2,0,41.66017171007329,73.09390357524249
2,0,15.734602610096848,95.41723216599839
2,2,91.66709327696191,9.902763238614599
2,1,58.838809699639796,85.94428199289045
2,1,83.19220093403904,94.66233228730825
2,0,70.79899272287216,92.62989547504627
2,1,5.007869519058228,43.32301532911561
2,1,86.30622829079697,64.86136899041526
2,0,2.849571699038511,37.55647769674727
2,2,29.56279946920013,10.420420653885786
2,2,12.346254912249089,87.52403781289317
2,2,38.246447830601824,20.249557382196816
2,1,53.42657055612992,1.7786740211512164
2,0,71.6313138178839,72.6944276103699
2,1,32.68910776661452,72.9387243890898
2,1,48.574282522763404,26.148382455234966
2,1,72.39151661285838,49.70030447129614
2,1,24.26060275601525,98.24246478285475
2,2,22.330022831236086,30.966237082065827
2,1,72.11553441456456,32.82395934436975
2,1,47.166000198506,2.23827698858432
2,1,34.61600205144833,1.7208067748441191
2,1,21.58653355211041,69.54888400661656
2,2,35.40982384497341,93.03397264070882
2,0,86.41313797729534,58.819943375835315
2,0,73.65000224333079,17.69149507962601
2,1,76.50289706386386,32.643553097772795
2,1,38.74359706949952,86.68678617620023
2,2,38.14317799730629,11.597064809496416
2,1,57.14191555480714,1.5465614406587669
2,1,74.97846138598268,5.903700376136555
2,2,15.795518791338548,15.78206992144774
2,2,41.928990509112005,77.99615196299665
2,2,32.159236867850375,74.16584502027928
2,1,66.3489429175757,17.076876451308987
2,2,12.598830879621413,10.3818133470309
2,0,16.767825402939962,74.01844782533112
2,2,21.39628975670006,37.041585360050554
2,1,89.69546344674308,30.574925601731305
2,0,54.64952363132248,75.97209623775736
2,0,74.11260155878415,6.488255768765761
2,0,66.31359287145756,89.22953628813866
2,0,50.405666086420474,91.37456391233046
2,0,58.920811169141906,38.88586922374262
2,1,14.928912087050639,80.85599268322572
2,0,26.709661101160275,96.32076993805738
2,0,35.23327376748725,17.645591570301498
2,0,84.16189288075009,74.76893016962612
2,0,37.79979329803149,26.09328588416919
2,0,96.52009263902109,56.889460988061636
2,2,49.22022650104834,63.32998207447835
2,0,49.52125609441359,36.09815523924795
2,0,59.911682967316715,52.286157224125894
2,0,33.673199919284436,88.23568258617865
2,2,32.80388386001317,46.7879098812682
2,2,18.34408515201229,43.75825460472167
2,0,51.98965411119706,48.61825254253582
2,1,22.350053616797883,34.354151985398076
2,1,66.26848026448965,21.03639307047197
2,2,96.45074009933752,22.062642390663722
2,2,14.990955125409434,19.459119385442193
2,1,95.91263447816074,15.125928610002626
2,2,64.5642119040758,81.66796685953821
2,0,60.07548122835179,65.82944378181284
2,1,42.02661109049824,24.55753926023124
2,2,58.887996142317625,10.676796577055114
2,0,35.27911314153221,44.25309666967878
2,1,56.459159128302986,35.38418160879755
2,1,59.60166215146177,9.365690601978427
2,2,85.23613535961724,96.04086596295333
2,0,83.37284102369938,31.705601771904877
2,0,50.95042214333026,11.150683134219964
2,1,82.1196659679083,92.59985326254623
2,1,78.15495515888207,77.01079703670422
2,1,29.205828374200614,12.262899823769768
2,2,61.66065620266019,18.17998334578823
2,1,89.87918174419556,17.68363626099182
2,0,24.318634149548323,64.79842270573938
2,0,91.25423844571458,21.52568354069171
